Date: 2022-09-26
Time: 18_48
global variables successfully defined



Start Training
Risk: 7.914150238037109, epoch: 0
Evaluation - NMSE_prediction: 0.0000, NMSE_estimation: 0.0255, TPR1: 0.0000, TPR2: 0.0000 ,Risk: 8.2242
mean_frob: 80.190,mean_mu_signal_energy: 0.225,Cov_part_LMMSE_energy: 31.658,NMSE_only_mu: 1.013
Risk: 5.304940223693848, epoch: 1
Risk: -6.43491792678833, epoch: 2
Risk: -2.398545265197754, epoch: 3
Risk: -2.5572214126586914, epoch: 4
LS,sCov estimation NMSE: 0.0100,0.0097
