Date: 2022-09-27
Time: 10_19
global variables successfully defined



Start Training
Risk: 19.347293853759766, epoch: 0
Evaluation - NMSE_prediction: 0.0000, NMSE_estimation: 0.2362, TPR1: 0.0000, TPR2: 0.0000 ,Risk: 29.0526
mean_frob: 11.664,mean_mu_signal_energy: 1.066,Cov_part_LMMSE_energy: 17.493,NMSE_only_mu: 1.034
Risk: 14.23875617980957, epoch: 1
Risk: 10.675840377807617, epoch: 2
Risk: -2.4655165672302246, epoch: 3
Risk: 2.6459450721740723, epoch: 4
Risk: -0.06601905822753906, epoch: 5
Evaluation - NMSE_prediction: 0.0000, NMSE_estimation: 0.2094, TPR1: 0.0000, TPR2: 0.0000 ,Risk: 14.5212
mean_frob: 12.992,mean_mu_signal_energy: 1.356,Cov_part_LMMSE_energy: 17.496,NMSE_only_mu: 0.968
LS,sCov estimation NMSE: 0.0100,0.0097
